#__output__from__tauest3.exe:__individual__simulation__results
   4.9229555991E+0000
   5.0744165633E+0000
   5.0790509486E+0000
   5.0871580904E+0000
   5.1564570228E+0000
   5.2002447087E+0000
   5.2519698693E+0000
   5.2709830805E+0000
   5.2910632023E+0000
   5.2925684190E+0000
   5.3329371324E+0000
   5.3580404992E+0000
   5.4769000220E+0000
   5.4769076270E+0000
   5.4914488433E+0000
   5.4998898783E+0000
   5.5097660635E+0000
   5.5327705797E+0000
   5.5331745498E+0000
   5.5707418134E+0000
   5.5826738028E+0000
   5.6227178180E+0000
   5.6350347449E+0000
   5.6423123442E+0000
   5.6748641969E+0000
   5.7521616826E+0000
   5.7687832797E+0000
   5.7806611896E+0000
   5.8107359531E+0000
   5.8113639859E+0000
   5.8135422106E+0000
   5.8679054837E+0000
   5.8860207308E+0000
   5.9152765771E+0000
   5.9360053160E+0000
   5.9376921715E+0000
   5.9512783637E+0000
   5.9535006697E+0000
   5.9546764044E+0000
   5.9597494451E+0000
   5.9659815602E+0000
   5.9767927336E+0000
   5.9925989279E+0000
   5.9936695298E+0000
   6.0000485537E+0000
   6.0012346614E+0000
   6.0097309543E+0000
   6.0149595528E+0000
   6.0157713328E+0000
   6.0564234937E+0000
   6.0660550038E+0000
   6.0703966183E+0000
   6.0857098870E+0000
   6.0934417171E+0000
   6.0954498170E+0000
   6.1230650656E+0000
   6.1238476956E+0000
   6.1247534797E+0000
   6.1289573279E+0000
   6.1343659696E+0000
   6.1458140371E+0000
   6.1471092556E+0000
   6.1486175764E+0000
   6.1572863474E+0000
   6.1612124194E+0000
   6.1623415908E+0000
   6.1634901873E+0000
   6.1847682675E+0000
   6.1871522285E+0000
   6.1895111201E+0000
   6.1895903946E+0000
   6.2225669414E+0000
   6.2314939311E+0000
   6.2341559764E+0000
   6.2359156153E+0000
   6.2393343621E+0000
   6.2398261751E+0000
   6.2515490170E+0000
   6.2580544819E+0000
   6.2640119012E+0000
   6.2703860345E+0000
   6.3091230765E+0000
   6.3120494999E+0000
   6.3405153004E+0000
   6.3487716881E+0000
   6.3549159719E+0000
   6.3612971414E+0000
   6.3751342718E+0000
   6.3817640072E+0000
   6.3841170806E+0000
   6.3868760181E+0000
   6.3941004982E+0000
   6.4003234328E+0000
   6.4011012659E+0000
   6.4163635551E+0000
   6.4338021080E+0000
   6.4355947228E+0000
   6.4374913780E+0000
   6.4405164461E+0000
   6.4414068027E+0000
   6.4417459695E+0000
   6.4487088833E+0000
   6.4584347410E+0000
   6.4609324532E+0000
   6.4653603944E+0000
   6.4677528294E+0000
   6.4681028560E+0000
   6.4700287952E+0000
   6.4736855271E+0000
   6.4771817584E+0000
   6.4787605287E+0000
   6.4789424914E+0000
   6.4856116939E+0000
   6.4890422950E+0000
   6.4949268376E+0000
   6.4964220089E+0000
   6.5008207825E+0000
   6.5100746112E+0000
   6.5126381786E+0000
   6.5159130902E+0000
   6.5192576847E+0000
   6.5227482346E+0000
   6.5287130458E+0000
   6.5442964536E+0000
   6.5524875054E+0000
   6.5529361647E+0000
   6.5546169998E+0000
   6.5565112980E+0000
   6.5567083391E+0000
   6.5574582940E+0000
   6.5608529782E+0000
   6.5660214521E+0000
   6.5695222747E+0000
   6.5748711400E+0000
   6.5781503958E+0000
   6.5877329243E+0000
   6.5900549375E+0000
   6.5942505195E+0000
   6.6064488483E+0000
   6.6109951287E+0000
   6.6121574998E+0000
   6.6214672746E+0000
   6.6351776728E+0000
   6.6512446794E+0000
   6.6517948723E+0000
   6.6528463194E+0000
   6.6629150803E+0000
   6.6640679822E+0000
   6.6641224404E+0000
   6.6672413789E+0000
   6.6747895204E+0000
   6.6753385912E+0000
   6.6766700071E+0000
   6.6903524540E+0000
   6.6965319544E+0000
   6.7020171362E+0000
   6.7096806726E+0000
   6.7113175059E+0000
   6.7137391586E+0000
   6.7140520847E+0000
   6.7196123939E+0000
   6.7232892872E+0000
   6.7248853974E+0000
   6.7263711862E+0000
   6.7293523108E+0000
   6.7306296684E+0000
   6.7409400232E+0000
   6.7448868855E+0000
   6.7466660371E+0000
   6.7505726660E+0000
   6.7541938090E+0000
   6.7638013874E+0000
   6.7660905204E+0000
   6.7681574274E+0000
   6.7683390488E+0000
   6.7725064108E+0000
   6.7733296140E+0000
   6.7763851214E+0000
   6.7857150406E+0000
   6.7864011369E+0000
   6.7880111203E+0000
   6.7883857952E+0000
   6.7901204609E+0000
   6.7963068624E+0000
   6.7976936333E+0000
   6.8071684247E+0000
   6.8073961579E+0000
   6.8110130419E+0000
   6.8120061445E+0000
   6.8203193557E+0000
   6.8208799909E+0000
   6.8240467535E+0000
   6.8324521452E+0000
   6.8341233875E+0000
   6.8355244419E+0000
   6.8362284063E+0000
   6.8369913914E+0000
   6.8469663142E+0000
   6.8477225078E+0000
   6.8492370212E+0000
   6.8503544591E+0000
   6.8528250476E+0000
   6.8529338041E+0000
   6.8662628561E+0000
   6.8741811329E+0000
   6.8789386456E+0000
   6.8870140021E+0000
   6.8926141694E+0000
   6.8928130980E+0000
   6.8956736673E+0000
   6.8968374916E+0000
   6.9032217281E+0000
   6.9090826371E+0000
   6.9094570744E+0000
   6.9127048556E+0000
   6.9133224328E+0000
   6.9182252216E+0000
   6.9186263853E+0000
   6.9200772027E+0000
   6.9319047960E+0000
   6.9319815382E+0000
   6.9323829161E+0000
   6.9337851689E+0000
   6.9379184021E+0000
   6.9439282036E+0000
   6.9472512804E+0000
   6.9494245366E+0000
   6.9510689032E+0000
   6.9523372002E+0000
   6.9531595142E+0000
   6.9534268790E+0000
   6.9543781365E+0000
   6.9553559214E+0000
   6.9580791229E+0000
   6.9684949487E+0000
   6.9700897519E+0000
   6.9725219185E+0000
   6.9728292638E+0000
   6.9741369535E+0000
   6.9757387327E+0000
   6.9766125277E+0000
   6.9774038244E+0000
   6.9798261098E+0000
   6.9878089228E+0000
   6.9947101977E+0000
   6.9948945515E+0000
   6.9965413577E+0000
   7.0036166019E+0000
   7.0180249786E+0000
   7.0202641456E+0000
   7.0211579014E+0000
   7.0226191483E+0000
   7.0237814487E+0000
   7.0286622103E+0000
   7.0312447540E+0000
   7.0357427528E+0000
   7.0429504162E+0000
   7.0517636334E+0000
   7.0594423913E+0000
   7.0603173761E+0000
   7.0624769679E+0000
   7.0626737764E+0000
   7.0659750648E+0000
   7.0738384116E+0000
   7.0744065500E+0000
   7.0794783293E+0000
   7.0814827886E+0000
   7.0828915734E+0000
   7.0988856585E+0000
   7.0995843205E+0000
   7.1030929438E+0000
   7.1054796609E+0000
   7.1063594375E+0000
   7.1181757464E+0000
   7.1183095963E+0000
   7.1197205902E+0000
   7.1200920392E+0000
   7.1213649753E+0000
   7.1242457765E+0000
   7.1247388976E+0000
   7.1260813337E+0000
   7.1265763240E+0000
   7.1421748087E+0000
   7.1445298674E+0000
   7.1506479063E+0000
   7.1510894138E+0000
   7.1555832246E+0000
   7.1588822063E+0000
   7.1608305843E+0000
   7.1614977353E+0000
   7.1648168650E+0000
   7.1746115214E+0000
   7.1755890318E+0000
   7.1756690624E+0000
   7.1764060630E+0000
   7.1772405990E+0000
   7.1804736567E+0000
   7.1831689562E+0000
   7.1880290580E+0000
   7.1897161912E+0000
   7.1972417166E+0000
   7.2004375734E+0000
   7.2013656689E+0000
   7.2043010921E+0000
   7.2050421507E+0000
   7.2065842324E+0000
   7.2077513580E+0000
   7.2091788633E+0000
   7.2097861645E+0000
   7.2107882116E+0000
   7.2113320100E+0000
   7.2115579936E+0000
   7.2116063083E+0000
   7.2133042833E+0000
   7.2161127780E+0000
   7.2171210582E+0000
   7.2195329380E+0000
   7.2195966811E+0000
   7.2202996803E+0000
   7.2290053724E+0000
   7.2319606896E+0000
   7.2328454824E+0000
   7.2362336857E+0000
   7.2387551553E+0000
   7.2401117237E+0000
   7.2408312109E+0000
   7.2426425590E+0000
   7.2427745982E+0000
   7.2452694156E+0000
   7.2455848188E+0000
   7.2562074361E+0000
   7.2575025604E+0000
   7.2605778673E+0000
   7.2623951605E+0000
   7.2631386268E+0000
   7.2663251777E+0000
   7.2671810969E+0000
   7.2695953436E+0000
   7.2707565127E+0000
   7.2716197363E+0000
   7.2730032517E+0000
   7.2748568440E+0000
   7.2829004129E+0000
   7.2859087638E+0000
   7.2883514903E+0000
   7.2913022609E+0000
   7.2932596837E+0000
   7.2965076550E+0000
   7.2970947608E+0000
   7.2989489479E+0000
   7.3019594020E+0000
   7.3034083966E+0000
   7.3056386837E+0000
   7.3114644087E+0000
   7.3124749780E+0000
   7.3126402079E+0000
   7.3128939871E+0000
   7.3156128289E+0000
   7.3185839057E+0000
   7.3222934891E+0000
   7.3244512441E+0000
   7.3259819362E+0000
   7.3290757980E+0000
   7.3308031994E+0000
   7.3329659331E+0000
   7.3336356847E+0000
   7.3354389056E+0000
   7.3367371810E+0000
   7.3461430432E+0000
   7.3461967766E+0000
   7.3468644359E+0000
   7.3490167341E+0000
   7.3504464271E+0000
   7.3536354780E+0000
   7.3550642316E+0000
   7.3560195781E+0000
   7.3637617917E+0000
   7.3670949458E+0000
   7.3716837902E+0000
   7.3738673011E+0000
   7.3753098192E+0000
   7.3765628060E+0000
   7.3782961202E+0000
   7.3790297653E+0000
   7.3808094428E+0000
   7.3808550526E+0000
   7.3832415026E+0000
   7.3927400499E+0000
   7.3929213705E+0000
   7.4035672483E+0000
   7.4043235331E+0000
   7.4044301098E+0000
   7.4066543027E+0000
   7.4108808810E+0000
   7.4165670157E+0000
   7.4179474571E+0000
   7.4206853928E+0000
   7.4292962030E+0000
   7.4301470643E+0000
   7.4305162639E+0000
   7.4319152635E+0000
   7.4364364689E+0000
   7.4387006400E+0000
   7.4401137803E+0000
   7.4419914927E+0000
   7.4442656660E+0000
   7.4443717864E+0000
   7.4522480269E+0000
   7.4554343730E+0000
   7.4631678464E+0000
   7.4661374706E+0000
   7.4700572842E+0000
   7.4713384928E+0000
   7.4722792054E+0000
   7.4777999180E+0000
   7.4790481870E+0000
   7.4829131513E+0000
   7.4861037526E+0000
   7.4863299612E+0000
   7.4877196075E+0000
   7.4909824043E+0000
   7.4924923183E+0000
   7.4933045560E+0000
   7.4942035071E+0000
   7.4955396544E+0000
   7.4961038030E+0000
   7.4969953285E+0000
   7.5006811689E+0000
   7.5030183992E+0000
   7.5035810975E+0000
   7.5090905179E+0000
   7.5095119768E+0000
   7.5127829894E+0000
   7.5133148122E+0000
   7.5136837803E+0000
   7.5144945086E+0000
   7.5189260159E+0000
   7.5198086728E+0000
   7.5206408705E+0000
   7.5245075913E+0000
   7.5260169043E+0000
   7.5271402698E+0000
   7.5288517652E+0000
   7.5320347696E+0000
   7.5325123136E+0000
   7.5326154808E+0000
   7.5328496975E+0000
   7.5371699056E+0000
   7.5372653858E+0000
   7.5375321228E+0000
   7.5378589680E+0000
   7.5385266977E+0000
   7.5412521378E+0000
   7.5468128247E+0000
   7.5522224257E+0000
   7.5546162560E+0000
   7.5567519540E+0000
   7.5576527243E+0000
   7.5585639332E+0000
   7.5610653753E+0000
   7.5613614955E+0000
   7.5639907030E+0000
   7.5655712181E+0000
   7.5673519900E+0000
   7.5706692551E+0000
   7.5715545653E+0000
   7.5730559668E+0000
   7.5786516623E+0000
   7.5869244418E+0000
   7.5872528353E+0000
   7.5880982376E+0000
   7.5918826356E+0000
   7.5921271261E+0000
   7.5927490734E+0000
   7.5936279720E+0000
   7.5963882246E+0000
   7.5984965742E+0000
   7.5986497772E+0000
   7.5996871846E+0000
   7.6007317245E+0000
   7.6010108214E+0000
   7.6051452118E+0000
   7.6068456059E+0000
   7.6070765360E+0000
   7.6150070083E+0000
   7.6155312327E+0000
   7.6168874430E+0000
   7.6198731342E+0000
   7.6207677048E+0000
   7.6245087894E+0000
   7.6251667868E+0000
   7.6261778350E+0000
   7.6290281603E+0000
   7.6330345489E+0000
   7.6352373616E+0000
   7.6364466096E+0000
   7.6366078727E+0000
   7.6401784463E+0000
   7.6419302268E+0000
   7.6425901271E+0000
   7.6433282781E+0000
   7.6435078853E+0000
   7.6440094593E+0000
   7.6489811979E+0000
   7.6546867958E+0000
   7.6648511321E+0000
   7.6650891496E+0000
   7.6661830423E+0000
   7.6675881176E+0000
   7.6680651982E+0000
   7.6697866831E+0000
   7.6714931779E+0000
   7.6715921290E+0000
   7.6731966101E+0000
   7.6801091718E+0000
   7.6804211495E+0000
   7.6911065182E+0000
   7.6966559460E+0000
   7.6978941410E+0000
   7.6997789564E+0000
   7.7011055309E+0000
   7.7017443982E+0000
   7.7030648483E+0000
   7.7034312875E+0000
   7.7040349418E+0000
   7.7066337825E+0000
   7.7118077650E+0000
   7.7126392746E+0000
   7.7140462243E+0000
   7.7142264399E+0000
   7.7153770403E+0000
   7.7156711842E+0000
   7.7199573047E+0000
   7.7238059859E+0000
   7.7250914018E+0000
   7.7272340936E+0000
   7.7288767394E+0000
   7.7290194380E+0000
   7.7326438903E+0000
   7.7336786321E+0000
   7.7366129645E+0000
   7.7369435649E+0000
   7.7375768892E+0000
   7.7393157219E+0000
   7.7402426216E+0000
   7.7408391801E+0000
   7.7431106974E+0000
   7.7454035316E+0000
   7.7473841294E+0000
   7.7479818835E+0000
   7.7502001647E+0000
   7.7536610492E+0000
   7.7558331766E+0000
   7.7574395872E+0000
   7.7587669321E+0000
   7.7606193093E+0000
   7.7608070582E+0000
   7.7608556828E+0000
   7.7654627040E+0000
   7.7699625774E+0000
   7.7706031263E+0000
   7.7728299540E+0000
   7.7736669822E+0000
   7.7753054600E+0000
   7.7760674473E+0000
   7.7782737010E+0000
   7.7816866400E+0000
   7.7825402446E+0000
   7.7845400290E+0000
   7.7847080627E+0000
   7.7850159442E+0000
   7.7851665476E+0000
   7.7876237788E+0000
   7.7907277778E+0000
   7.7961531915E+0000
   7.7965426757E+0000
   7.7968458526E+0000
   7.7974394966E+0000
   7.7991563788E+0000
   7.7995579800E+0000
   7.8002909083E+0000
   7.8009241497E+0000
   7.8029230628E+0000
   7.8055826383E+0000
   7.8069494340E+0000
   7.8072164411E+0000
   7.8072716733E+0000
   7.8082829235E+0000
   7.8088363070E+0000
   7.8103756987E+0000
   7.8114795646E+0000
   7.8160139597E+0000
   7.8174870290E+0000
   7.8182813365E+0000
   7.8186476489E+0000
   7.8219029209E+0000
   7.8219283906E+0000
   7.8220118346E+0000
   7.8278052798E+0000
   7.8300444838E+0000
   7.8312638750E+0000
   7.8371569145E+0000
   7.8397629704E+0000
   7.8402072684E+0000
   7.8405453852E+0000
   7.8414829876E+0000
   7.8418880972E+0000
   7.8421923344E+0000
   7.8425616872E+0000
   7.8442401171E+0000
   7.8452300772E+0000
   7.8479926812E+0000
   7.8498332907E+0000
   7.8517892125E+0000
   7.8598896065E+0000
   7.8613370995E+0000
   7.8617847779E+0000
   7.8630285522E+0000
   7.8630715516E+0000
   7.8633233298E+0000
   7.8644987965E+0000
   7.8675007082E+0000
   7.8702286463E+0000
   7.8710432010E+0000
   7.8779926608E+0000
   7.8793207064E+0000
   7.8800636482E+0000
   7.8801864603E+0000
   7.8828885050E+0000
   7.8832975470E+0000
   7.8869346316E+0000
   7.8882351981E+0000
   7.8888714209E+0000
   7.8989098514E+0000
   7.9004729410E+0000
   7.9026431142E+0000
   7.9029034818E+0000
   7.9032371795E+0000
   7.9053531801E+0000
   7.9059704393E+0000
   7.9118473842E+0000
   7.9122004344E+0000
   7.9123488410E+0000
   7.9135116729E+0000
   7.9149045768E+0000
   7.9194573844E+0000
   7.9230193489E+0000
   7.9265586560E+0000
   7.9278419440E+0000
   7.9285384912E+0000
   7.9297931222E+0000
   7.9305803621E+0000
   7.9306045306E+0000
   7.9324731355E+0000
   7.9345221394E+0000
   7.9363420775E+0000
   7.9370309787E+0000
   7.9416694081E+0000
   7.9419225247E+0000
   7.9424835767E+0000
   7.9453444264E+0000
   7.9481137604E+0000
   7.9489347550E+0000
   7.9507537052E+0000
   7.9521975616E+0000
   7.9542024546E+0000
   7.9561712676E+0000
   7.9563827107E+0000
   7.9573025031E+0000
   7.9592012761E+0000
   7.9594924700E+0000
   7.9596575697E+0000
   7.9639941456E+0000
   7.9647370595E+0000
   7.9662499243E+0000
   7.9718774422E+0000
   7.9731674576E+0000
   7.9731974461E+0000
   7.9732083414E+0000
   7.9742077393E+0000
   7.9771203272E+0000
   7.9794379359E+0000
   7.9819199752E+0000
   7.9825554906E+0000
   7.9846979653E+0000
   7.9852335237E+0000
   7.9860009129E+0000
   7.9861731641E+0000
   7.9891416657E+0000
   7.9926867946E+0000
   7.9935180492E+0000
   7.9940446838E+0000
   7.9944377054E+0000
   7.9955107901E+0000
   7.9963459322E+0000
   7.9971295921E+0000
   7.9984145210E+0000
   7.9995675998E+0000
   8.0035116630E+0000
   8.0041268060E+0000
   8.0082521930E+0000
   8.0099734221E+0000
   8.0105783689E+0000
   8.0117561462E+0000
   8.0150322267E+0000
   8.0150874301E+0000
   8.0155727529E+0000
   8.0171692986E+0000
   8.0182925248E+0000
   8.0183893758E+0000
   8.0193431065E+0000
   8.0199460253E+0000
   8.0208336907E+0000
   8.0224570614E+0000
   8.0239103462E+0000
   8.0250085997E+0000
   8.0257276708E+0000
   8.0291290192E+0000
   8.0355491412E+0000
   8.0364553971E+0000
   8.0395889111E+0000
   8.0417494576E+0000
   8.0469992140E+0000
   8.0484450711E+0000
   8.0486582966E+0000
   8.0498224472E+0000
   8.0499742703E+0000
   8.0513120924E+0000
   8.0552502514E+0000
   8.0566798027E+0000
   8.0574688139E+0000
   8.0616941381E+0000
   8.0723907481E+0000
   8.0723955711E+0000
   8.0752236257E+0000
   8.0767873596E+0000
   8.0863124102E+0000
   8.0872109308E+0000
   8.0925094027E+0000
   8.0934315755E+0000
   8.0943239437E+0000
   8.0955958153E+0000
   8.0998875092E+0000
   8.1017113586E+0000
   8.1026075140E+0000
   8.1047872327E+0000
   8.1050857175E+0000
   8.1058623830E+0000
   8.1061443650E+0000
   8.1064003946E+0000
   8.1072703166E+0000
   8.1073107150E+0000
   8.1094645590E+0000
   8.1105451850E+0000
   8.1117547099E+0000
   8.1117754142E+0000
   8.1119162110E+0000
   8.1165191007E+0000
   8.1165668146E+0000
   8.1175625415E+0000
   8.1203501145E+0000
   8.1213195294E+0000
   8.1215637206E+0000
   8.1225139535E+0000
   8.1267364807E+0000
   8.1287804370E+0000
   8.1305736535E+0000
   8.1320319378E+0000
   8.1330376773E+0000
   8.1337378564E+0000
   8.1343487664E+0000
   8.1354261237E+0000
   8.1394977775E+0000
   8.1412319005E+0000
   8.1421216513E+0000
   8.1427074116E+0000
   8.1455896777E+0000
   8.1499223492E+0000
   8.1501011675E+0000
   8.1542432469E+0000
   8.1583980734E+0000
   8.1616962941E+0000
   8.1623070096E+0000
   8.1626689039E+0000
   8.1626999519E+0000
   8.1635383714E+0000
   8.1643740764E+0000
   8.1657061737E+0000
   8.1661766472E+0000
   8.1677483281E+0000
   8.1711887178E+0000
   8.1715524317E+0000
   8.1717357724E+0000
   8.1724282339E+0000
   8.1748267357E+0000
   8.1771452472E+0000
   8.1784966640E+0000
   8.1787750313E+0000
   8.1796656127E+0000
   8.1824576511E+0000
   8.1826823337E+0000
   8.1841227143E+0000
   8.1853897552E+0000
   8.1872483858E+0000
   8.1898082506E+0000
   8.1910800518E+0000
   8.1914521877E+0000
   8.1922496904E+0000
   8.1944603956E+0000
   8.1959748647E+0000
   8.1985852643E+0000
   8.2016309077E+0000
   8.2050574588E+0000
   8.2068576155E+0000
   8.2083301188E+0000
   8.2119102134E+0000
   8.2140373276E+0000
   8.2212389533E+0000
   8.2218873093E+0000
   8.2227172677E+0000
   8.2247963605E+0000
   8.2269981134E+0000
   8.2271049137E+0000
   8.2274725239E+0000
   8.2287642790E+0000
   8.2335951595E+0000
   8.2344198240E+0000
   8.2355034319E+0000
   8.2355783328E+0000
   8.2359278272E+0000
   8.2361357852E+0000
   8.2386769065E+0000
   8.2402150792E+0000
   8.2428217349E+0000
   8.2455804425E+0000
   8.2464132997E+0000
   8.2481487866E+0000
   8.2496179529E+0000
   8.2522026497E+0000
   8.2527254731E+0000
   8.2561239914E+0000
   8.2568711639E+0000
   8.2569869106E+0000
   8.2591856220E+0000
   8.2597188262E+0000
   8.2613791887E+0000
   8.2625088681E+0000
   8.2668174360E+0000
   8.2674894671E+0000
   8.2678404432E+0000
   8.2688918238E+0000
   8.2693394465E+0000
   8.2749441362E+0000
   8.2760345348E+0000
   8.2825633428E+0000
   8.2836089445E+0000
   8.2840541369E+0000
   8.2848512451E+0000
   8.2870878494E+0000
   8.2872864596E+0000
   8.2886676607E+0000
   8.2898201842E+0000
   8.2901461593E+0000
   8.2907202687E+0000
   8.2915484735E+0000
   8.2940707780E+0000
   8.2944063246E+0000
   8.2945742390E+0000
   8.2952561765E+0000
   8.3051556157E+0000
   8.3053173643E+0000
   8.3062248998E+0000
   8.3104087472E+0000
   8.3120625347E+0000
   8.3132536789E+0000
   8.3133688348E+0000
   8.3149905725E+0000
   8.3159978104E+0000
   8.3164756062E+0000
   8.3198311943E+0000
   8.3209230361E+0000
   8.3215437184E+0000
   8.3257459447E+0000
   8.3261394263E+0000
   8.3283949952E+0000
   8.3297905820E+0000
   8.3322484751E+0000
   8.3323052108E+0000
   8.3332175649E+0000
   8.3395282640E+0000
   8.3419580081E+0000
   8.3484407411E+0000
   8.3491417440E+0000
   8.3529641042E+0000
   8.3603977560E+0000
   8.3613220938E+0000
   8.3617267363E+0000
   8.3628045085E+0000
   8.3657805383E+0000
   8.3660917819E+0000
   8.3675220090E+0000
   8.3676771277E+0000
   8.3691120186E+0000
   8.3697840925E+0000
   8.3722453426E+0000
   8.3749002718E+0000
   8.3764849924E+0000
   8.3783606774E+0000
   8.3796367279E+0000
   8.3818852677E+0000
   8.3822818153E+0000
   8.3837339084E+0000
   8.3858786110E+0000
   8.3867677645E+0000
   8.3926130210E+0000
   8.3927889101E+0000
   8.3944982858E+0000
   8.3962920879E+0000
   8.3997549420E+0000
   8.4013079582E+0000
   8.4019096020E+0000
   8.4033684759E+0000
   8.4044192899E+0000
   8.4051362861E+0000
   8.4075941565E+0000
   8.4096323373E+0000
   8.4104461576E+0000
   8.4140344382E+0000
   8.4148485914E+0000
   8.4171114392E+0000
   8.4173215409E+0000
   8.4221845844E+0000
   8.4240833966E+0000
   8.4262122703E+0000
   8.4282039008E+0000
   8.4292003968E+0000
   8.4294373333E+0000
   8.4307666474E+0000
   8.4312010954E+0000
   8.4356106618E+0000
   8.4403793785E+0000
   8.4415513756E+0000
   8.4446721276E+0000
   8.4459007421E+0000
   8.4494921902E+0000
   8.4520397828E+0000
   8.4543064046E+0000
   8.4567763704E+0000
   8.4581151353E+0000
   8.4593139499E+0000
   8.4594128274E+0000
   8.4604779434E+0000
   8.4606809456E+0000
   8.4639072808E+0000
   8.4648662299E+0000
   8.4668225233E+0000
   8.4670726842E+0000
   8.4690692929E+0000
   8.4696501333E+0000
   8.4708271344E+0000
   8.4734098642E+0000
   8.4750299614E+0000
   8.4778806472E+0000
   8.4785561637E+0000
   8.4790529198E+0000
   8.4820769989E+0000
   8.4874322078E+0000
   8.4953517667E+0000
   8.4972160697E+0000
   8.4989746295E+0000
   8.4994130141E+0000
   8.4996064062E+0000
   8.5001766900E+0000
   8.5007354621E+0000
   8.5007530892E+0000
   8.5017191939E+0000
   8.5034124172E+0000
   8.5042957766E+0000
   8.5089990571E+0000
   8.5094387112E+0000
   8.5131737851E+0000
   8.5150949211E+0000
   8.5168157529E+0000
   8.5191695845E+0000
   8.5200747748E+0000
   8.5206160581E+0000
   8.5238048706E+0000
   8.5247833868E+0000
   8.5249951011E+0000
   8.5314675532E+0000
   8.5356450010E+0000
   8.5373775210E+0000
   8.5396795032E+0000
   8.5477275763E+0000
   8.5493608137E+0000
   8.5524560844E+0000
   8.5571397130E+0000
   8.5576149549E+0000
   8.5585613443E+0000
   8.5653683828E+0000
   8.5692330924E+0000
   8.5701067118E+0000
   8.5705278366E+0000
   8.5716346290E+0000
   8.5719572423E+0000
   8.5740925771E+0000
   8.5742436217E+0000
   8.5783421878E+0000
   8.5787385671E+0000
   8.5798654767E+0000
   8.5816376127E+0000
   8.5851223417E+0000
   8.5863899229E+0000
   8.5874089143E+0000
   8.5875270758E+0000
   8.5883509202E+0000
   8.5884678753E+0000
   8.5891635846E+0000
   8.5894697547E+0000
   8.5896598770E+0000
   8.5899978849E+0000
   8.5916428668E+0000
   8.5943389297E+0000
   8.5952116578E+0000
   8.5988045835E+0000
   8.5991295501E+0000
   8.6014772131E+0000
   8.6015395248E+0000
   8.6027889439E+0000
   8.6031837423E+0000
   8.6049556577E+0000
   8.6055787004E+0000
   8.6057927864E+0000
   8.6059416248E+0000
   8.6079504698E+0000
   8.6090787674E+0000
   8.6093453310E+0000
   8.6137749824E+0000
   8.6159297820E+0000
   8.6178066690E+0000
   8.6206789020E+0000
   8.6207693117E+0000
   8.6216411392E+0000
   8.6229796082E+0000
   8.6254370994E+0000
   8.6271851702E+0000
   8.6302579902E+0000
   8.6330491558E+0000
   8.6346992679E+0000
   8.6349532906E+0000
   8.6357044679E+0000
   8.6368040587E+0000
   8.6431019841E+0000
   8.6432802242E+0000
   8.6454733405E+0000
   8.6456082619E+0000
   8.6475903345E+0000
   8.6476371620E+0000
   8.6496973258E+0000
   8.6539018743E+0000
   8.6548336759E+0000
   8.6558770823E+0000
   8.6577283372E+0000
   8.6592722931E+0000
   8.6606493689E+0000
   8.6675447578E+0000
   8.6689619285E+0000
   8.6699838462E+0000
   8.6766930110E+0000
   8.6825245964E+0000
   8.6829690723E+0000
   8.6843610065E+0000
   8.6855568467E+0000
   8.6858484129E+0000
   8.6875236644E+0000
   8.6881326892E+0000
   8.6902154164E+0000
   8.6936000665E+0000
   8.6939588053E+0000
   8.6955811346E+0000
   8.6963659916E+0000
   8.6967135837E+0000
   8.6977076555E+0000
   8.6982437667E+0000
   8.7008935559E+0000
   8.7023466819E+0000
   8.7027524547E+0000
   8.7028339802E+0000
   8.7030183222E+0000
   8.7030318310E+0000
   8.7036384608E+0000
   8.7041770515E+0000
   8.7052339720E+0000
   8.7078243366E+0000
   8.7114313248E+0000
   8.7126774056E+0000
   8.7143895720E+0000
   8.7174305989E+0000
   8.7237389947E+0000
   8.7254941110E+0000
   8.7263065407E+0000
   8.7282272182E+0000
   8.7334683570E+0000
   8.7335195897E+0000
   8.7360668685E+0000
   8.7382399476E+0000
   8.7398277611E+0000
   8.7435049696E+0000
   8.7447956903E+0000
   8.7453007183E+0000
   8.7481953393E+0000
   8.7482820481E+0000
   8.7501481615E+0000
   8.7531054343E+0000
   8.7539218354E+0000
   8.7543944103E+0000
   8.7560722204E+0000
   8.7572064621E+0000
   8.7578524006E+0000
   8.7589211299E+0000
   8.7590063641E+0000
   8.7647233430E+0000
   8.7650231157E+0000
   8.7704028709E+0000
   8.7715260667E+0000
   8.7723049765E+0000
   8.7741855427E+0000
   8.7741972017E+0000
   8.7802434721E+0000
   8.7809554363E+0000
   8.7825337086E+0000
   8.7834958696E+0000
   8.7837693382E+0000
   8.7853370134E+0000
   8.7876258360E+0000
   8.7905179908E+0000
   8.7905641396E+0000
   8.7906268845E+0000
   8.7935899616E+0000
   8.7944906037E+0000
   8.7948999428E+0000
   8.7974437637E+0000
   8.8075632865E+0000
   8.8092097016E+0000
   8.8118360332E+0000
   8.8127305227E+0000
   8.8219466243E+0000
   8.8265142974E+0000
   8.8269486963E+0000
   8.8328249495E+0000
   8.8388063630E+0000
   8.8394944262E+0000
   8.8418712503E+0000
   8.8510118885E+0000
   8.8514320258E+0000
   8.8543134889E+0000
   8.8543861597E+0000
   8.8556158445E+0000
   8.8568812166E+0000
   8.8604596408E+0000
   8.8622672625E+0000
   8.8629123650E+0000
   8.8641806188E+0000
   8.8648893915E+0000
   8.8658570500E+0000
   8.8703639807E+0000
   8.8708459838E+0000
   8.8721646984E+0000
   8.8722538170E+0000
   8.8839852068E+0000
   8.8841719539E+0000
   8.8849149769E+0000
   8.8900553036E+0000
   8.8929858559E+0000
   8.8994177722E+0000
   8.9011984115E+0000
   8.9046636746E+0000
   8.9078291327E+0000
   8.9087063389E+0000
   8.9091724452E+0000
   8.9109028149E+0000
   8.9124254156E+0000
   8.9126739213E+0000
   8.9155009835E+0000
   8.9171420600E+0000
   8.9176421465E+0000
   8.9189116803E+0000
   8.9192561973E+0000
   8.9196231464E+0000
   8.9208260602E+0000
   8.9212329386E+0000
   8.9217975215E+0000
   8.9224141656E+0000
   8.9248065547E+0000
   8.9256288428E+0000
   8.9257673203E+0000
   8.9263740755E+0000
   8.9267611371E+0000
   8.9275620931E+0000
   8.9310558666E+0000
   8.9333756713E+0000
   8.9334478213E+0000
   8.9353021775E+0000
   8.9355443511E+0000
   8.9387899609E+0000
   8.9388059519E+0000
   8.9397334560E+0000
   8.9402324845E+0000
   8.9403070877E+0000
   8.9409407908E+0000
   8.9425385991E+0000
   8.9564786203E+0000
   8.9603883304E+0000
   8.9610549353E+0000
   8.9628873990E+0000
   8.9630864155E+0000
   8.9659965289E+0000
   8.9666418516E+0000
   8.9671070780E+0000
   8.9676607745E+0000
   8.9696644511E+0000
   8.9718420086E+0000
   8.9719629243E+0000
   8.9742177302E+0000
   8.9746317114E+0000
   8.9751515758E+0000
   8.9769023258E+0000
   8.9772954313E+0000
   8.9828505090E+0000
   8.9835222627E+0000
   8.9835415081E+0000
   8.9850764248E+0000
   8.9863387672E+0000
   8.9918610597E+0000
   8.9918706415E+0000
   8.9950289100E+0000
   8.9954871527E+0000
   8.9991014721E+0000
   8.9995793331E+0000
   8.9997273045E+0000
   9.0054397664E+0000
   9.0066697713E+0000
   9.0081354088E+0000
   9.0092460528E+0000
   9.0104178077E+0000
   9.0183745141E+0000
   9.0217146176E+0000
   9.0220246863E+0000
   9.0231765128E+0000
   9.0243449135E+0000
   9.0243846980E+0000
   9.0258060947E+0000
   9.0282232521E+0000
   9.0309355441E+0000
   9.0331369366E+0000
   9.0414481635E+0000
   9.0429255340E+0000
   9.0448008705E+0000
   9.0460633715E+0000
   9.0479994049E+0000
   9.0509013901E+0000
   9.0515856803E+0000
   9.0548359892E+0000
   9.0567530932E+0000
   9.0581092266E+0000
   9.0639879088E+0000
   9.0641940478E+0000
   9.0668210411E+0000
   9.0697663059E+0000
   9.0710399377E+0000
   9.0711338506E+0000
   9.0725087127E+0000
   9.0734994787E+0000
   9.0748301194E+0000
   9.0751691644E+0000
   9.0790194920E+0000
   9.0836075804E+0000
   9.0892033312E+0000
   9.0898455418E+0000
   9.0899039406E+0000
   9.0907694380E+0000
   9.0940794945E+0000
   9.0970711930E+0000
   9.0982303529E+0000
   9.1008975214E+0000
   9.1026786896E+0000
   9.1068180942E+0000
   9.1076704676E+0000
   9.1115303993E+0000
   9.1127695014E+0000
   9.1193176365E+0000
   9.1234089688E+0000
   9.1249252047E+0000
   9.1269162640E+0000
   9.1274356946E+0000
   9.1276816268E+0000
   9.1344717495E+0000
   9.1384078052E+0000
   9.1391093154E+0000
   9.1410741093E+0000
   9.1446643320E+0000
   9.1450218184E+0000
   9.1494824048E+0000
   9.1497750187E+0000
   9.1513064461E+0000
   9.1515271651E+0000
   9.1551804305E+0000
   9.1554463958E+0000
   9.1557804180E+0000
   9.1588710591E+0000
   9.1650671630E+0000
   9.1657784923E+0000
   9.1677975190E+0000
   9.1692183433E+0000
   9.1694849686E+0000
   9.1704741463E+0000
   9.1720506392E+0000
   9.1810598668E+0000
   9.1811333175E+0000
   9.1825276849E+0000
   9.1838036408E+0000
   9.1838995574E+0000
   9.1886743063E+0000
   9.1891832562E+0000
   9.1898730414E+0000
   9.1913337764E+0000
   9.1924223069E+0000
   9.1949215861E+0000
   9.1979445920E+0000
   9.1982172927E+0000
   9.1983901937E+0000
   9.1996672814E+0000
   9.2025887593E+0000
   9.2029908548E+0000
   9.2044726518E+0000
   9.2053651373E+0000
   9.2069469380E+0000
   9.2083272709E+0000
   9.2103749422E+0000
   9.2112147673E+0000
   9.2113760962E+0000
   9.2138483695E+0000
   9.2218325786E+0000
   9.2261974704E+0000
   9.2273778424E+0000
   9.2273925376E+0000
   9.2280563930E+0000
   9.2280935968E+0000
   9.2297618531E+0000
   9.2326850181E+0000
   9.2377482582E+0000
   9.2403490967E+0000
   9.2511403935E+0000
   9.2511551392E+0000
   9.2543204040E+0000
   9.2544923893E+0000
   9.2547775632E+0000
   9.2590005996E+0000
   9.2616827464E+0000
   9.2621926081E+0000
   9.2648312830E+0000
   9.2659516995E+0000
   9.2674318485E+0000
   9.2681136020E+0000
   9.2725058557E+0000
   9.2772988154E+0000
   9.2775152348E+0000
   9.2789004632E+0000
   9.2795229990E+0000
   9.2825843667E+0000
   9.2875448380E+0000
   9.2883925875E+0000
   9.2939120277E+0000
   9.2943384816E+0000
   9.2943763131E+0000
   9.2957791521E+0000
   9.2958514598E+0000
   9.2969146220E+0000
   9.2984494883E+0000
   9.3097075905E+0000
   9.3101801572E+0000
   9.3119467298E+0000
   9.3128107941E+0000
   9.3145615415E+0000
   9.3214585059E+0000
   9.3238089047E+0000
   9.3278721710E+0000
   9.3282386836E+0000
   9.3289746497E+0000
   9.3303692764E+0000
   9.3317646774E+0000
   9.3354065354E+0000
   9.3393332759E+0000
   9.3397228034E+0000
   9.3412815516E+0000
   9.3418357501E+0000
   9.3428056389E+0000
   9.3442530804E+0000
   9.3444495773E+0000
   9.3491316226E+0000
   9.3495735751E+0000
   9.3534507607E+0000
   9.3547145171E+0000
   9.3562953315E+0000
   9.3564425629E+0000
   9.3587145527E+0000
   9.3588217331E+0000
   9.3605384581E+0000
   9.3631484691E+0000
   9.3669482161E+0000
   9.3669891302E+0000
   9.3693750404E+0000
   9.3694487404E+0000
   9.3736038163E+0000
   9.3763109383E+0000
   9.3763320578E+0000
   9.3813625224E+0000
   9.3818596133E+0000
   9.3871649822E+0000
   9.3877558739E+0000
   9.3953130824E+0000
   9.3954328581E+0000
   9.3969504513E+0000
   9.3970969792E+0000
   9.3984152501E+0000
   9.4038464576E+0000
   9.4093855063E+0000
   9.4099615208E+0000
   9.4121835423E+0000
   9.4124740112E+0000
   9.4126241722E+0000
   9.4130300914E+0000
   9.4163367067E+0000
   9.4184983841E+0000
   9.4246185808E+0000
   9.4249484221E+0000
   9.4282132114E+0000
   9.4282906421E+0000
   9.4318773712E+0000
   9.4323381603E+0000
   9.4340387417E+0000
   9.4367153279E+0000
   9.4387350546E+0000
   9.4403004319E+0000
   9.4436592129E+0000
   9.4451328393E+0000
   9.4452275589E+0000
   9.4480232291E+0000
   9.4492130359E+0000
   9.4495847055E+0000
   9.4511565257E+0000
   9.4576492813E+0000
   9.4589626394E+0000
   9.4758232523E+0000
   9.4774065880E+0000
   9.4776440341E+0000
   9.4823495976E+0000
   9.4853508797E+0000
   9.4871385981E+0000
   9.4901621723E+0000
   9.4902695697E+0000
   9.4912078697E+0000
   9.4959481787E+0000
   9.4982835719E+0000
   9.5017007873E+0000
   9.5044824518E+0000
   9.5083950349E+0000
   9.5088779149E+0000
   9.5154278702E+0000
   9.5174777037E+0000
   9.5188325244E+0000
   9.5304958220E+0000
   9.5365941410E+0000
   9.5371581082E+0000
   9.5374486699E+0000
   9.5381682996E+0000
   9.5396537079E+0000
   9.5398497655E+0000
   9.5442648823E+0000
   9.5444933279E+0000
   9.5480436609E+0000
   9.5519910663E+0000
   9.5539113961E+0000
   9.5551295183E+0000
   9.5643195148E+0000
   9.5659210649E+0000
   9.5659326718E+0000
   9.5660404401E+0000
   9.5684167506E+0000
   9.5707673492E+0000
   9.5717594597E+0000
   9.5746343844E+0000
   9.5759776367E+0000
   9.5769392976E+0000
   9.5881688693E+0000
   9.5913246364E+0000
   9.5933817174E+0000
   9.5996433130E+0000
   9.6007049950E+0000
   9.6070552670E+0000
   9.6128766338E+0000
   9.6130924530E+0000
   9.6148876091E+0000
   9.6152690970E+0000
   9.6159895774E+0000
   9.6188957513E+0000
   9.6195887406E+0000
   9.6231011407E+0000
   9.6319066670E+0000
   9.6335159262E+0000
   9.6366705930E+0000
   9.6492886666E+0000
   9.6512758030E+0000
   9.6519260972E+0000
   9.6548223656E+0000
   9.6554359498E+0000
   9.6589370541E+0000
   9.6606546913E+0000
   9.6621299485E+0000
   9.6626430120E+0000
   9.6668063297E+0000
   9.6698863484E+0000
   9.6709682144E+0000
   9.6711089267E+0000
   9.6731031421E+0000
   9.6736367695E+0000
   9.6759064665E+0000
   9.6787489798E+0000
   9.6794155444E+0000
   9.6807713238E+0000
   9.6827526741E+0000
   9.6828766275E+0000
   9.6829631578E+0000
   9.6832999104E+0000
   9.6848573372E+0000
   9.6871049586E+0000
   9.6919015916E+0000
   9.6943346062E+0000
   9.7017428084E+0000
   9.7028508068E+0000
   9.7073558201E+0000
   9.7101422364E+0000
   9.7113071831E+0000
   9.7126253678E+0000
   9.7152214162E+0000
   9.7155219178E+0000
   9.7158489685E+0000
   9.7171894832E+0000
   9.7192317618E+0000
   9.7250903367E+0000
   9.7269667766E+0000
   9.7272331350E+0000
   9.7317104871E+0000
   9.7334273040E+0000
   9.7356280027E+0000
   9.7360469017E+0000
   9.7361099302E+0000
   9.7447744884E+0000
   9.7497115331E+0000
   9.7499551394E+0000
   9.7499749572E+0000
   9.7541832365E+0000
   9.7567973139E+0000
   9.7592474629E+0000
   9.7602458068E+0000
   9.7671139762E+0000
   9.7680383231E+0000
   9.7683230069E+0000
   9.7699757595E+0000
   9.7768952047E+0000
   9.7770455864E+0000
   9.7772322369E+0000
   9.7780075679E+0000
   9.7803546718E+0000
   9.7809975429E+0000
   9.7821058146E+0000
   9.7828733335E+0000
   9.7831269471E+0000
   9.7852531929E+0000
   9.7855738393E+0000
   9.7911479608E+0000
   9.7965200340E+0000
   9.7972536081E+0000
   9.7994191947E+0000
   9.7997940699E+0000
   9.8008959227E+0000
   9.8051285788E+0000
   9.8060119281E+0000
   9.8164946374E+0000
   9.8172708206E+0000
   9.8175613828E+0000
   9.8179784900E+0000
   9.8196108356E+0000
   9.8212176258E+0000
   9.8256312879E+0000
   9.8296365605E+0000
   9.8299690931E+0000
   9.8333908596E+0000
   9.8410988106E+0000
   9.8414323112E+0000
   9.8428336837E+0000
   9.8568112802E+0000
   9.8583314118E+0000
   9.8650886439E+0000
   9.8709312772E+0000
   9.8712666393E+0000
   9.8723740150E+0000
   9.8731725350E+0000
   9.8859813358E+0000
   9.8883727147E+0000
   9.8899911605E+0000
   9.8906536684E+0000
   9.8911348573E+0000
   9.8925243002E+0000
   9.8959594452E+0000
   9.8974749290E+0000
   9.8988742597E+0000
   9.9007218608E+0000
   9.9042804745E+0000
   9.9081102309E+0000
   9.9169603475E+0000
   9.9223901546E+0000
   9.9237151363E+0000
   9.9268213224E+0000
   9.9335683216E+0000
   9.9338819976E+0000
   9.9364812788E+0000
   9.9392297884E+0000
   9.9409124108E+0000
   9.9409328508E+0000
   9.9445923906E+0000
   9.9449706414E+0000
   9.9472067482E+0000
   9.9490497479E+0000
   9.9502105067E+0000
   9.9536844973E+0000
   9.9581891331E+0000
   9.9581946572E+0000
   9.9629865198E+0000
   9.9658305071E+0000
   9.9682228819E+0000
   9.9693130366E+0000
   9.9735908861E+0000
   9.9747777520E+0000
   9.9796061659E+0000
   9.9796433949E+0000
   9.9808761415E+0000
   9.9817008168E+0000
   9.9852210759E+0000
   9.9899666881E+0000
   9.9901687142E+0000
   9.9963962892E+0000
   1.0003716190E+0001
   1.0005188483E+0001
   1.0007257917E+0001
   1.0014858083E+0001
   1.0018029743E+0001
   1.0022150404E+0001
   1.0030659900E+0001
   1.0035383523E+0001
   1.0036874424E+0001
   1.0052824433E+0001
   1.0055352376E+0001
   1.0062263751E+0001
   1.0062681460E+0001
   1.0063996492E+0001
   1.0065064787E+0001
   1.0071442830E+0001
   1.0074024356E+0001
   1.0075248659E+0001
   1.0076897494E+0001
   1.0084544079E+0001
   1.0090639659E+0001
   1.0091346437E+0001
   1.0093974818E+0001
   1.0094514025E+0001
   1.0102184305E+0001
   1.0102633497E+0001
   1.0106396642E+0001
   1.0106481788E+0001
   1.0109779243E+0001
   1.0113383059E+0001
   1.0120709253E+0001
   1.0127550760E+0001
   1.0132181508E+0001
   1.0132825154E+0001
   1.0134335621E+0001
   1.0135340976E+0001
   1.0137852123E+0001
   1.0138970456E+0001
   1.0141227767E+0001
   1.0141316808E+0001
   1.0177950697E+0001
   1.0186197411E+0001
   1.0186529657E+0001
   1.0187508248E+0001
   1.0199399641E+0001
   1.0201744075E+0001
   1.0208201205E+0001
   1.0215897722E+0001
   1.0220223812E+0001
   1.0229762053E+0001
   1.0236381980E+0001
   1.0236758294E+0001
   1.0236764335E+0001
   1.0237761810E+0001
   1.0242023843E+0001
   1.0243464849E+0001
   1.0243922605E+0001
   1.0246069185E+0001
   1.0248316222E+0001
   1.0249832331E+0001
   1.0250016233E+0001
   1.0251038009E+0001
   1.0251337329E+0001
   1.0253602192E+0001
   1.0253947184E+0001
   1.0254304718E+0001
   1.0256793244E+0001
   1.0258092275E+0001
   1.0258681663E+0001
   1.0262555515E+0001
   1.0264074920E+0001
   1.0268940944E+0001
   1.0274415187E+0001
   1.0278532027E+0001
   1.0279719715E+0001
   1.0283911430E+0001
   1.0287191126E+0001
   1.0288494941E+0001
   1.0296610506E+0001
   1.0297539403E+0001
   1.0300531097E+0001
   1.0304504095E+0001
   1.0309812089E+0001
   1.0324379886E+0001
   1.0335447652E+0001
   1.0340263499E+0001
   1.0343714706E+0001
   1.0353069570E+0001
   1.0364644538E+0001
   1.0368937647E+0001
   1.0369779882E+0001
   1.0376318964E+0001
   1.0376535930E+0001
   1.0379878777E+0001
   1.0381024766E+0001
   1.0381110086E+0001
   1.0390687263E+0001
   1.0396190527E+0001
   1.0398222097E+0001
   1.0414159181E+0001
   1.0424232129E+0001
   1.0446614012E+0001
   1.0447638288E+0001
   1.0453525630E+0001
   1.0453726774E+0001
   1.0455551807E+0001
   1.0459380433E+0001
   1.0463664696E+0001
   1.0467348781E+0001
   1.0476186182E+0001
   1.0478499881E+0001
   1.0479516720E+0001
   1.0480070917E+0001
   1.0483954110E+0001
   1.0485735316E+0001
   1.0490419688E+0001
   1.0491116422E+0001
   1.0496985982E+0001
   1.0500429949E+0001
   1.0501355987E+0001
   1.0505106346E+0001
   1.0507135618E+0001
   1.0517314869E+0001
   1.0522751098E+0001
   1.0523618263E+0001
   1.0524631980E+0001
   1.0529092992E+0001
   1.0545249346E+0001
   1.0552410277E+0001
   1.0560002784E+0001
   1.0563419357E+0001
   1.0570918154E+0001
   1.0578941253E+0001
   1.0581827735E+0001
   1.0621484506E+0001
   1.0626071047E+0001
   1.0629339578E+0001
   1.0634552530E+0001
   1.0638338098E+0001
   1.0648299908E+0001
   1.0652965340E+0001
   1.0654727531E+0001
   1.0657418054E+0001
   1.0660565724E+0001
   1.0663472869E+0001
   1.0665031247E+0001
   1.0671186052E+0001
   1.0672992426E+0001
   1.0684783918E+0001
   1.0687549275E+0001
   1.0689366132E+0001
   1.0700827758E+0001
   1.0706877630E+0001
   1.0707512722E+0001
   1.0715202121E+0001
   1.0718160070E+0001
   1.0735583227E+0001
   1.0737045392E+0001
   1.0741900058E+0001
   1.0751203190E+0001
   1.0761024513E+0001
   1.0769194616E+0001
   1.0778790457E+0001
   1.0782063385E+0001
   1.0782328787E+0001
   1.0789112984E+0001
   1.0794592815E+0001
   1.0796057387E+0001
   1.0796997666E+0001
   1.0800188989E+0001
   1.0803716997E+0001
   1.0821057095E+0001
   1.0826100377E+0001
   1.0841264219E+0001
   1.0844816447E+0001
   1.0858148349E+0001
   1.0873252310E+0001
   1.0877980256E+0001
   1.0880101464E+0001
   1.0885807363E+0001
   1.0886675765E+0001
   1.0893390434E+0001
   1.0896961169E+0001
   1.0905845485E+0001
   1.0922989984E+0001
   1.0925667074E+0001
   1.0932301774E+0001
   1.0937867120E+0001
   1.0950394545E+0001
   1.0951236003E+0001
   1.0965293306E+0001
   1.0969249515E+0001
   1.0971300691E+0001
   1.0984852669E+0001
   1.0984949710E+0001
   1.0986083632E+0001
   1.0987876212E+0001
   1.0989880798E+0001
   1.0997818241E+0001
   1.1001397885E+0001
   1.1001979122E+0001
   1.1002573445E+0001
   1.1011834253E+0001
   1.1016869973E+0001
   1.1022441342E+0001
   1.1023048909E+0001
   1.1023247562E+0001
   1.1035630681E+0001
   1.1038780061E+0001
   1.1046672395E+0001
   1.1051688471E+0001
   1.1054198481E+0001
   1.1056447374E+0001
   1.1064437125E+0001
   1.1070353882E+0001
   1.1079086477E+0001
   1.1080387668E+0001
   1.1084494315E+0001
   1.1088864486E+0001
   1.1093547105E+0001
   1.1108053806E+0001
   1.1113319450E+0001
   1.1124249808E+0001
   1.1132317378E+0001
   1.1133242043E+0001
   1.1167705208E+0001
   1.1171894000E+0001
   1.1184265918E+0001
   1.1191964290E+0001
   1.1192882193E+0001
   1.1199143064E+0001
   1.1209978726E+0001
   1.1232150718E+0001
   1.1244219199E+0001
   1.1259097328E+0001
   1.1265032782E+0001
   1.1275956206E+0001
   1.1287496633E+0001
   1.1295409296E+0001
   1.1300321395E+0001
   1.1306845704E+0001
   1.1310668293E+0001
   1.1320628060E+0001
   1.1321223814E+0001
   1.1321453453E+0001
   1.1339718800E+0001
   1.1371133483E+0001
   1.1376990027E+0001
   1.1377956649E+0001
   1.1389749251E+0001
   1.1393505007E+0001
   1.1396239027E+0001
   1.1398729182E+0001
   1.1402596186E+0001
   1.1405311841E+0001
   1.1433252679E+0001
   1.1438234370E+0001
   1.1443238566E+0001
   1.1446326632E+0001
   1.1507145908E+0001
   1.1530262125E+0001
   1.1547617521E+0001
   1.1550028764E+0001
   1.1561981767E+0001
   1.1562618086E+0001
   1.1607033131E+0001
   1.1613186084E+0001
   1.1621596516E+0001
   1.1636517567E+0001
   1.1668162180E+0001
   1.1679793262E+0001
   1.1684582217E+0001
   1.1688826681E+0001
   1.1709197137E+0001
   1.1720321538E+0001
   1.1766350365E+0001
   1.1770598989E+0001
   1.1772475330E+0001
   1.1774857288E+0001
   1.1788353959E+0001
   1.1790867169E+0001
   1.1799050291E+0001
   1.1831157781E+0001
   1.1834723521E+0001
   1.1867295574E+0001
   1.1877327455E+0001
   1.1880639023E+0001
   1.1891564214E+0001
   1.1897432455E+0001
   1.1959576905E+0001
   1.1962815799E+0001
   1.1983593587E+0001
   1.2003638271E+0001
   1.2011304364E+0001
   1.2018653943E+0001
   1.2021146136E+0001
   1.2027007343E+0001
   1.2039526532E+0001
   1.2064832135E+0001
   1.2072857259E+0001
   1.2079895098E+0001
   1.2094853732E+0001
   1.2122276667E+0001
   1.2138367783E+0001
   1.2151167953E+0001
   1.2161989204E+0001
   1.2170900710E+0001
   1.2189809096E+0001
   1.2210841910E+0001
   1.2223873716E+0001
   1.2241317313E+0001
   1.2244768163E+0001
   1.2293915325E+0001
   1.2310541314E+0001
   1.2324132579E+0001
   1.2376666824E+0001
   1.2385640717E+0001
   1.2389355706E+0001
   1.2404383430E+0001
   1.2409437401E+0001
   1.2420691457E+0001
   1.2431055903E+0001
   1.2437215288E+0001
   1.2438586427E+0001
   1.2446610765E+0001
   1.2462918057E+0001
   1.2489546757E+0001
   1.2495795855E+0001
   1.2582461018E+0001
   1.2584536375E+0001
   1.2614834084E+0001
   1.2692864820E+0001
   1.2704566046E+0001
   1.2734044195E+0001
   1.2770755374E+0001
   1.2820051270E+0001
   1.2831806364E+0001
   1.2835064724E+0001
   1.3039556331E+0001
   1.3154573944E+0001
   1.3212653633E+0001
   1.3693473106E+0001
   1.4293065103E+0001
   1.4316009567E+0001
   1.4484436313E+0001
   1.4490505194E+0001
   1.4580530982E+0001
   1.4791923404E+0001
